% -------------------------------------------------------------------
%  Generated by MATLAB on 9-Jun-2019 15:12:22
%  MATLAB version: 9.5.0.1049112 (R2018b) Update 3
% -------------------------------------------------------------------
                                 

sol = ...
  [27 25564.797462623035 0.968 5.4348377656250006;
   32 25419.484500255468 0.992 5.613905265625;
   35 23563.376812717695 0.998 5.6374568281250008;
   39 22603.878334700712 0.998 5.634354328125001;
   39 21162.705530050327 0.98 5.5324635468750012;
   46 19968.540066208454 0.99 5.614466203125;
   49 18704.075234717129 0.998 5.6379015156250007;
   53 17499.689570623577 0.992 5.5865240156250007;
   56 16179.995671355338 1 5.6484941718750017];

