% -------------------------------------------------------------------
%  Generated by MATLAB on 11-Jun-2019 17:10:48
%  MATLAB version: 9.5.0.1049112 (R2018b) Update 3
% -------------------------------------------------------------------
                                             

sol = ...
  [28 26064.845547063291 498 51.541633000000004;
   30 25630.90977996627 500 47.294022;
   32 25092.173845447505 495 52.645843;
   33 24194.4496131317 500 50.260953;
   35 24075.490986577308 496 55.388431;
   31 22573.087817232994 475 80.604369;
   39 22672.464525468531 500 49.093928;
   38 21962.49409330462 488 84.410546;
   42 21282.858458366929 499 43.799102000000005;
   44 20771.217253370418 490 64.556687000000011;
   46 20040.893965083604 496 62.570034;
   44 19417.412911815733 492 58.035315;
   46 18470.705280129958 496 60.028025000000007;
   48 18241.808671136379 499 50.458066;
   43 17414.989137436929 486 56.321532000000005;
   54 16802.951593066915 497 55.201530000000005;
   46 16117.168006606458 488 78.071501000000012];

